43.
44.
45.
98.
122.
131.
132.
140.
141.
142.
143.
145.
146.
147.
159.
160.
161.
164.
165.
166.
167.
168.
169.
170.
198.
248.
306.
307.
308.
309.
636.
850.
910.
944.
979.
1209.
1244.
1530.
1588.
1591.
1592.
1594.
1596.
1597.
1600.
1606.
1622.
1623.
1646.
1693.
1694.
1705.
1715.
1716.
1772.
1906.
2024.
2044.
2056.
2058.
2061.
2415.
2667.
2775.
2776.
2807.
2959.
3039.
3040.
3041.
3042.
3087.
3088.
3089.
3093.
3110.
3112.
3113.
3114.
3196.
3207.
3210.
3211.
3221.
3222.
3259.
3261.
3275.
3297.
3298.
3299.
3309.
3314.
3315.
3332.
3358.
3359.
3360.
3362.
3363.
3364.
3365.
3366.
3367.
3368.
3369.
3432.
3459.
3460.
3461.
3463.
3464.
3465.
3466.
3467.
3468.
3469.
3470.
3471.
3472.
3473.
3474.
3475.
3476.
3477.
3478.
3479.
3480.
3481.
3482.
3510.
3523.
3524.
3525.
3526.
3527.
3528.
3529.
3530.
3531.
3532.
3540.
3649.
3650.
3821.
3883.
3898.
3911.
4073.
4104.
4110.
4111.
4112.
4113.
4121.
4472.
4474.
4495.
4496.
4547.
4740.
4741.
4770.
4780.
4796.
4798.
4818.
4831.
4832.
4833.
4834.
4839.
4840.
4853.
4854.
4855.
4860.
4862.
4863.
4864.
4866.
4867.
4868.
4869.
4870.
4878.
4880.
4882.
4884.
4887.
4916.
4917.
4937.
4938.
4940.
4941.
4943.
4946.
4962.
4969.
4979.
4980.
4985.
4987.
4988.
5002.
5021.
5026.
5034.
5054.
5057.
5073.
5088.
5089.
5091.
5092.
5093.
5094.
5095.
5096.
5097.
5098.
5099.
5100.
5101.
5102.
5121.
5122.
5123.
5124.
5144.
5164.
5165.
5166.
5167.
5168.
5171.
5172.
5173.
5174.
5175.
5176.
5178.
5179.
5182.
5185.
5250.
5324.
5325.
5458.
5554.
5557.
5558.
5559.
5565.
5626.
5671.
5688.
5691.
5794.
5982.
6038.
6070.
6071.
6072.
6073.
6074.
6075.
6076.
6077.
6078.
6079.
6080.
6081.
6082.
6083.
6084.
6085.
6086.
6087.
6088.
6089.
6112.
6129.
6209.
6325.
6401.
6402.
6403.
6404.
6405.
6406.
6411.
6412.
6413.
6414.
6415.
6451.
6454.
6455.
6456.
6458.
6459.
6475.
6476.
6477.
6479.
6481.
6482.
6483.
6484.
6485.
6486.
6487.
6488.
6489.
6490.
6491.
6492.
6493.
6494.
6495.
6496.
6497.
6498.
6499.
6500.
6501.
6502.
6503.
6504.
6505.
6506.
6507.
6508.
6509.
6510.
6511.
6512.
6513.
6514.
6515.
6516.
6517.
6518.
6519.
6520.
6521.
6522.
6523.
6553.
6554.
6555.
6556.
6557.
6558.
6559.
6561.
6562.
6563.
6564.
6565.
6566.
6567.
6568.
6572.
6573.
6574.
6575.
6576.
6577.
6578.
6579.
6580.
6581.
6582.
6583.
6584.
6585.
6586.
6587.
6588.
6589.
6590.
6591.
6592.
6593.
6594.
6595.
6596.
6597.
6598.
6599.
6600.
6601.
6602.
6603.
6604.
6605.
6606.
6607.
6608.
6609.
6610.
6611.
6612.
6613.
6875.
6879.
6938.
6972.
6973.
6974.
6975.
6976.
6977.
6978.
6994.
7051.
7053.
7054.
7055.
7056.
7057.
7058.
7059.
7060.
7061.
7063.
7064.
7065.
7066.
7067.
7068.
7070.
7078.
7094.
7095.
7096.
7097.
7098.
7099.
7100.
7101.
7102.
7105.
7106.
7107.
7108.
7109.
7110.
7111.
7112.
7113.
7139.
7140.
7141.
7142.
7143.
7144.
7145.
7149.
7156.
7157.
7158.
7159.
7160.
7161.
7162.
7163.
7274.
7289.
7290.
7291.
7292.
7300.
7301.
7303.
7304.
7305.
7322.
7323.
7366.
7381.
7393.
7455.
7456.
7457.
7458.
7459.
7670.
8116.
8138.
8313.
8602.
8630.
8654.
8656.
8658.
8659.
8661.
8663.
8664.
8665.
8666.
8667.
8668.
8742.
8766.
8768.
8826.
8862.
8919.
8941.
8942.
8943.
8944.
9057.
9065.
9131.
9150.
9152.
9409.
9411.
9413.
9520.
9648.
9650.
9679.
9683.
9719.
9724.
9796.
9854.
9878.
9889.
9890.
9891.
9892.
9904.
9954.
9955.
9956.
9957.
9958.
9959.
9960.
9961.
9962.
9963.
9964.
9965.
9997.
9998.
10033.
10037.
10038.
10053.
10071.
10072.
10073.
10074.
10075.
10077.
10158.
10159.
10175.
10227.
10240.
10243.
10255.
10262.
10289.
10290.
10312.
10313.
10314.
10315.
10316.
10317.
10318.
10319.
10320.
10321.
10322.
10329.
10372.
10376.
10392.
10407.
10408.
10419.
10420.
10449.
10551.
10597.
10598.
10711.
10721.
10796.
10944.
10998.
10999.
11000.
11001.
11002.
11277.
11317.
11319.
11320.
11359.
11364.
11391.
11392.
11393.
11401.
11402.
11413.
11414.
11444.
11552.
11565.
11590.
11592.
11634.
11713.
11729.
11732.
11752.
11762.
11763.
11765.
11767.
11768.
11786.
11787.
11788.
11789.
11790.
11794.
11795.
11796.
11797.
11798.
11799.
11813.
11830.
11839.
11840.
11856.
11871.
11891.
11893.
11900.
11924.
12187.
12228.
12365.
12367.
12369.
12370.
12371.
12379.
12412.
12422.
12430.
12487.
12488.
12489.
12490.
12510.
12515.
12779.
12803.
12819.
12840.
12843.
12844.
12845.
12846.
12847.
12848.
12849.
12850.
12851.
12852.
12853.
12854.
12855.
12856.
12857.
12858.
12859.
12860.
12861.
12862.
12863.
12864.
12865.
12915.
13112.
13186.
13187.
13188.
13189.
13190.
13198.
13199.
13200.
13201.
13202.
13238.
13243.
13244.
13245.
13246.
13247.
13249.
13250.
13251.
13268.
13270.
13272.
13273.
13274.
13275.
13276.
13277.
13278.
13279.
13280.
13281.
13282.
13283.
13284.
13285.
13286.
13287.
13288.
13289.
13290.
13291.
13292.
13293.
13294.
13295.
13296.
13297.
13298.
13299.
13300.
13301.
13302.
13303.
13304.
13305.
13306.
13307.
13308.
13309.
13310.
13311.
13335.
13336.
13337.
13338.
13339.
13341.
13342.
13343.
13344.
13345.
13346.
13347.
13348.
13349.
13350.
13355.
13356.
13357.
13358.
13359.
13360.
13361.
13362.
13363.
13365.
13366.
13367.
13368.
13369.
13370.
13371.
13372.
13373.
13374.
13375.
13376.
13377.
13378.
13379.
13380.
13381.
13382.
13383.
13384.
13385.
13386.
13387.
13388.
13389.
13390.
13391.
13392.
13393.
13394.
13395.
13396.
13397.
13398.
13399.
13400.
13588.
13612.
13643.
13672.
13718.
13719.
13720.
13721.
13722.
13723.
13792.
13793.
13794.
13795.
13798.
13799.
13800.
13801.
13802.
13805.
13815.
13818.
13819.
13822.
13824.
13825.
13826.
13827.
13829.
13830.
13831.
13832.
13833.
13834.
13835.
13836.
13843.
13846.
13847.
13848.
13849.
13850.
13851.
13852.
13853.
13854.
13855.
13856.
13857.
13858.
13867.
13876.
13877.
13878.
13879.
13880.
13881.
13882.
13883.
13885.
13897.
14030.
14031.
14032.
14033.
14035.
14036.
14037.
14038.
14039.
14040.
14041.
14042.
14043.
14044.
14047.
14048.
14049.
14051.
14052.
14053.
14054.
14056.
14058.
14059.
14060.
14061.
14062.
14063.
14064.
14065.
14066.
14067.
14068.
14069.
14070.
14071.
14072.
14073.
14074.
14075.
14166.
14302.
14462.
14463.
15013.
15080.
15130.
15171.
15181.
15185.
15210.
15222.
15647.
15648.
15649.
15677.
15683.
15712.
15713.
15714.
15715.
15716.
15719.
15720.
15732.
15746.
15747.
15812.
15820.
15827.
15828.
15832.
15833.
15909.
16036.
16054.
16090.
16104.
16105.
16106.
16180.
16307.
16376.
16462.
16601.
16665.
16893.
16894.
16895.
16970.
17081.
17130.
17131.
17132.
17133.
17134.
17135.
17136.
17262.
17263.
17264.
17265.
17266.
17292.
17359.
17380.
17473.
17562.
17563.
17565.
17570.
17578.
17579.
17585.
17595.
17606.
17607.
17620.
17636.
17637.
17638.
17639.
17640.
17641.
17642.
17643.
17644.
17748.
17764.
17916.
17921.
18131.
18244.
18245.
18285.
18327.
18404.
18406.
18420.
18428.
18429.
18524.
18708.
18740.
18770.
18794.
18796.
18798.
18804.
18826.
18828.
18902.
18928.
18967.
19054.
19116.
19117.
19174.
19178.
19179.
19180.
19181.
19182.
19255.
19256.
19257.
19284.
19297.
19298.
19304.
19323.
19324.
19326.
19331.
19332.
19335.
19336.
19342.
19343.
19344.
19416.
19430.
19487.
19565.
19566.
19567.
19681.
20037.
20055.
20056.
20063.
20064.
20065.
20068.
20309.
20612.
20618.
20717.
20730.
20731.
20789.
20825.
20841.
20948.
20991.
20992.
20993.
21164.
21165.
21166.
21167.
21168.
21169.
21170.
21171.
21172.
21173.
21174.
21175.
21176.
21177.
21178.
21179.
21180.
21181.
21182.
21183.
21184.
21191.
21192.
21193.
21194.
21195.
21196.
21197.
21198.
21199.
21200.
21201.
21202.
21203.
21204.
21210.
21262.
21266.
21272.
21276.
21277.
21279.
21280.
21281.
21282.
21283.
21285.
21298.
21299.
21300.
21301.
21302.
21303.
21304.
21305.
21306.
21310.
21311.
21313.
21333.
21334.
21337.
21338.
21339.
21340.
21341.
21342.
21343.
21344.
21345.
21346.
21347.
21348.
21349.
21350.
21351.
21368.
21379.
21382.
21383.
21384.
21385.
21386.
21387.
21388.
21389.
21390.
21391.
21392.
21410.
21419.
21687.
21688.
21689.
21768.
21797.
21802.
21807.
21839.
21920.
21921.
21922.
21931.
22126.
22127.
22128.
22129.
22130.
22131.
22132.
22133.
22134.
22135.
22136.
22137.
22138.
22139.
22140.
22141.
22142.
22143.
22144.
22145.
22146.
22148.
22149.
22150.
22151.
22152.
22153.
22154.
22155.
22156.
22157.
22158.
22159.
22160.
22161.
22162.
22163.
22164.
22165.
22403.
22797.
23361.
23399.
23406.
23423.
23688.
23849.
23863.
23892.
23934.
23967.
24001.
24002.
24004.
24005.
24033.
24042.
24044.
24111.
24128.
24129.
24130.
24132.
24133.
24138.
24140.
24142.
24143.
24165.
24212.
24213.
24332.
24344.
24384.
24422.
24432.
24477.
24478.
24479.
24480.
24481.
24482.
24516.
24546.
24567.
24570.
24643.
24715.
25352.
25353.
25387.
25394.
25395.
25461.
25462.
25504.
25510.
25548.
25549.
25588.
25589.
25590.
25591.
25592.
25593.
25594.
25595.
25596.
25597.
25598.
25599.
25638.
25642.
25721.
25722.
25744.
25976.
25979.
25983.
26045.
26046.
26054.
26055.
26099.
26100.
26101.
26102.
26103.
26104.
26105.
26106.
26107.
26108.
26109.
26110.
26111.
26157.
26313.
26381.
26465.
26517.
26575.
26576.
26578.
26579.
26610.
26613.
26831.
26876.
27073.
27076.
27077.
27078.
27381.
27382.
27383.
27384.
27385.
27386.
27387.
27389.
27432.
27433.
27443.
27449.
27457.
27488.
27659.
27662.
27696.
27789.
27861.
27862.
27863.
27864.
27865.
27866.
27867.
27868.
27951.
27966.
27991.
28045.
28047.
28049.
28054.
28063.
28074.
28075.
28076.
28077.
28078.
28117.
28142.
28231.
28232.
28313.
28344.
28345.
28447.
28499.
28784.
28825.
28826.
28878.
28890.
28891.
29356.
29369.
29541.
29585.
29586.
29587.
29588.
29681.
29843.
29924.
29984.
30008.
30009.
30010.
30011.
30012.
30013.
30014.
30015.
30016.
30017.
30018.
30019.
30020.
30021.
30022.
30023.
30024.
30025.
30026.
30027.
30028.
30033.
30034.
30035.
30036.
30037.
30038.
30039.
30040.
30041.
30042.
30043.
30044.
30045.
30046.
30047.
30048.
30049.
30050.
30051.
30052.
30053.
30054.
30123.
30125.
30126.
30127.
30128.
30130.
30131.
30133.
30134.
30135.
30136.
30137.
30143.
30166.
30167.
30178.
30180.
30181.
30182.
30183.
30184.
30185.
30186.
30187.
30188.
30189.
30190.
30191.
30252.
30253.
30254.
30255.
30256.
30258.
30259.
30260.
30261.
30262.
30263.
30264.
30266.
30267.
30268.
30269.
30270.
30271.
30272.
30273.
30274.
30275.
30404.
30652.
30653.
30654.
30784.
30787.
30789.
30796.
30800.
30840.
30841.
30861.
30879.
30881.
30918.
31160.
31161.
31162.
31163.
31164.
31165.
31166.
31167.
31168.
31169.
31170.
31171.
31172.
31173.
31174.
31175.
31178.
31179.
31180.
31181.
31182.
31183.
31184.
31185.
31186.
31187.
31188.
31189.
31190.
31191.
31192.
31193.
31298.
31481.
31482.
31483.
31484.
31485.
31757.
31844.
32417.
32536.
32676.
32800.
32810.
32879.
32912.
32913.
32914.
32915.
32916.
32928.
32947.
32948.
32951.
32952.
32953.
32957.
32958.
32972.
32973.
33116.
33117.
33118.
33120.
33121.
33122.
33123.
33124.
33125.
33126.
33127.
33128.
33220.
33336.
33441.
33442.
33443.
33444.
33445.
33446.
33447.
33448.
33449.
33450.
33451.
33452.
33453.
33561.
33563.
33566.
33765.
33770.
33771.
33794.
33860.
34164.
34346.
34413.
34517.
34518.
34519.
34618.
34649.
34710.
34740.
34741.
34788.
34789.
34790.
34791.
34792.
34815.
34816.
34897.
34898.
34899.
34900.
34901.
34934.
35060.
35088.
35129.
35176.
35177.
35183.
35213.
35214.
35215.
35216.
35217.
35218.
35221.
35256.
35257.
35298.
35299.
35300.
35301.
35302.
35303.
35304.
35347.
35808.
36114.
36163.
36209.
36256.
36458.
36521.
36529.
36530.
36532.
36534.
36535.
36536.
36539.
36540.
36574.
36582.
36583.
36584.
36585.
36586.
36594.
36596.
36597.
36603.
36733.
36734.
36735.
36736.
36737.
36738.
36739.
36794.
36934.
37058.
37080.
37082.
37084.
37085.
37086.
37087.
37088.
37089.
37090.
37091.
37092.
37093.
37094.
37126.
37127.
37128.
37129.
37204.
37212.
37213.
37217.
37364.
37365.
37366.
37368.
37370.
37371.
37372.
37373.
37374.
37375.
37376.
37384.
37397.
37404.
37405.
37406.
37407.
37408.
37482.
37508.
37509.
37525.
37526.
37527.
37528.
37601.
37617.
37618.
37676.
37964.
38032.
38119.
38120.
38130.
38134.
38216.
38228.
38382.
38640.
39062.
39086.
39102.
39104.
39282.
39283.
39284.
39285.
39286.
39798.
39799.
39800.
39801.
39802.
39811.
39812.
39813.
39814.
39815.
39816.
39817.
39818.
39819.
39820.
39821.
39822.
39823.
39824.
39825.
39826.
39827.
39828.
39829.
39830.
39831.
39890.
39908.
39909.
39912.
39913.
39914.
39915.
39916.
39918.
39919.
39920.
39921.
39922.
39923.
39924.
39925.
39926.
39939.
39956.
39957.
39959.
39960.
39961.
39962.
39963.
39964.
39965.
39966.
39967.
39968.
39969.
39970.
39971.
39972.
39973.
39974.
39975.
39976.
40043.
40045.
40047.
40048.
40050.
40051.
40052.
40054.
40143.
40198.
40416.
40443.
40450.
40481.
40495.
40496.
40521.
40528.
40531.
40549.
40551.
40556.
40609.
40610.
4.
5.
6.
7.
8.
10.
11.
13.
15.
16.
18.
22.
23.
24.
29.
33.
34.
38.
17014.
31588.
32049.
33002.
10457.
7199.
7200.
7201.
7202.
7203.
7204.
7205.
7206.
7207.
7208.
7209.
7210.
7211.
7212.
7213.
7214.
7215.
7216.
7217.
7218.
7219.
7220.
7221.
7222.
7223.
7224.
7225.
7226.
7227.
7228.
7229.
7230.
7231.
7232.
7233.
7234.
7235.
7236.
7237.
7238.
7239.
7240.
7241.
7242.
7243.
7244.
7245.
7246.
7247.
7248.
7249.
7250.
7251.
7252.
7253.
7254.
7255.
7256.
7257.
7258.
7259.
7260.
7261.
7262.
7263.
7264.
7265.
7266.
7267.
7268.
7269.
7270.
7271.
7272.
7273.
1.
2.
3.
1250.
1569.
1683.
2104.
3243.
4388.
4722.
5965.
